1.694802116314093590e+09
1.694802116414078474e+09
1.694802116514070749e+09
1.694802116614096642e+09
1.694802116714210749e+09
1.694802116814265251e+09
1.694802116914234161e+09
1.694802117014289618e+09
1.694802117114312887e+09
1.694802117214318037e+09
1.694802117314296722e+09
1.694802117414286613e+09
1.694802117514328480e+09
1.694802117614333868e+09
1.694802117714420080e+09
1.694802117814469099e+09
1.694802117914494038e+09
1.694802118014608383e+09
1.694802118114574194e+09
1.694802118214643717e+09
1.694802118314602375e+09
1.694802118414787531e+09
1.694802118514837027e+09
1.694802118614945889e+09
1.694802118714929104e+09
1.694802118814914227e+09
1.694802118915047169e+09
1.694802119015026808e+09
1.694802119115010738e+09
1.694802119215172768e+09
1.694802119315163136e+09
1.694802119415261745e+09
1.694802119515358448e+09
1.694802119615349770e+09
1.694802119715402365e+09
1.694802119815400124e+09
1.694802119915345192e+09
1.694802120015342712e+09
1.694802120115288258e+09
1.694802120215301991e+09
1.694802120315342188e+09
1.694802120415389061e+09
1.694802120515516043e+09
1.694802120615613937e+09
1.694802120715559244e+09
1.694802120815632105e+09
1.694802120915700436e+09
1.694802121015672207e+09
1.694802121115751982e+09
1.694802121215893507e+09
1.694802121315838575e+09
1.694802121415926456e+09
1.694802121515835285e+09
1.694802121615880966e+09
1.694802121716078043e+09
1.694802121816056728e+09
1.694802121916017294e+09
1.694802122016224384e+09
1.694802122116158485e+09
1.694802122216372967e+09
1.694802122316337347e+09
1.694802122416380167e+09
1.694802122516389847e+09
1.694802122616446018e+09
1.694802122716406822e+09
1.694802122816463470e+09
